Pal Red Green Blue
 #
------------------
0: 121, 123, 121
1: 12, 38, 162
2: 40, 16, 174
3: 94, 11, 161
4: 137, 1, 118
5: 147, 5, 42
6: 146, 16, 11
7: 111, 38, 4
8: 71, 65, 4
9: 20, 87, 4
10: 7, 94, 11
11: 2, 83, 46
12: 5, 71, 109
13: 0, 0, 0
14: 2, 2, 2
15: 2, 2, 2
16: 191, 192, 191
17: 22, 105, 223
18: 75, 65, 238
19: 142, 39, 226
20: 196, 25, 186
21: 212, 32, 99
22: 212, 55, 33
23: 181, 90, 13
24: 138, 122, 4
25: 58, 146, 7
26: 20, 154, 24
27: 9, 153, 90
28: 9, 139, 169
29: 45, 47, 45
30: 3, 3, 3
31: 3, 3, 3
32: 245, 246, 248
33: 73, 178, 248
34: 137, 148, 253
35: 194, 121, 250
36: 234, 111, 237
37: 244, 117, 186
38: 247, 131, 108
39: 238, 162, 69
40: 215, 192, 34
41: 153, 212, 32
42: 80, 222, 68
43: 61, 221, 148
44: 43, 216, 222
45: 99, 102, 100
46: 4, 4, 4
47: 4, 4, 4
48: 248, 249, 250
49: 180, 222, 250
50: 204, 209, 253
51: 223, 198, 251
52: 242, 192, 247
53: 246, 195, 227
54: 247, 204, 195
55: 245, 218, 173
56: 236, 230, 153
57: 210, 237, 156
58: 184, 241, 180
59: 176, 242, 217
60: 166, 240, 242
61: 200, 199, 200
62: 5, 5, 5
63: 5, 5, 5